0.180000000000000	130.382809122080
0.200000000000000	144.322929573392
0.220000000000000	129.974673684514
0.160000000000000	119.641340153644
0.120000000000000	90.4259181009319
0.200000000000000	128.982271087662
0.180000000000000	129.025242922297
0.140000000000000	86.0112782894490
0.140000000000000	167.155853067057
0.120000000000000	193.320274860697
0.180000000000000	98.7080230295480
0.180000000000000	150.495959258038
0.0600000000000000	80.0204315835610
0.200000000000000	113.669401054995
0.0400000000000000	37.6189821633800
0.160000000000000	121.075034844306
0.140000000000000	150.403272286879
0.180000000000000	133.478539784857
0.160000000000000	130.321273454883
0.180000000000000	132.053611348461
0.140000000000000	79.1257755865580
0.120000000000000	118.808528398327
0.180000000000000	121.158801273954
0.120000000000000	67.6345340474143
0.180000000000000	133.353062027723
0.180000000000000	248.655392798842
0.160000000000000	109.198897858487
0.240000000000000	178.853760482904
0.120000000000000	109.176534904383
0.200000000000000	178.401599791081
0.140000000000000	165.939349076435
0.140000000000000	88.5166111445318
0.200000000000000	87.0219758400597
0.160000000000000	59.2403982697564
0.160000000000000	120.674651937069
0.180000000000000	168.483969236170
0.180000000000000	132.761769583148
0.140000000000000	109.222675606985
0.140000000000000	53.8347710671750
0.240000000000000	189.321029450684
0.160000000000000	92.2433402270869
0.140000000000000	82.6794890150775
0.180000000000000	138.643353237505
0.0400000000000000	118.834615578100
0.120000000000000	132.374123939057
0.180000000000000	109.369621681342
0.100000000000000	90.7651091156494
0.0400000000000000	36.2481749089515
0.0800000000000000	51.7959576376215
0.160000000000000	113.244209075229
0.140000000000000	109.472754084466
0.180000000000000	112.002666828960
0.120000000000000	148.993681519298
0.140000000000000	107.317859816979
0.220000000000000	141.244409740060
0.240000000000000	137.847915930525
0.180000000000000	133.246070959530
0.100000000000000	70.3828429510674
0.200000000000000	135.118344994521
0.180000000000000	156.922253888225
0.180000000000000	31.5912312459077
0.140000000000000	117.332589118071
0.160000000000000	117.229456714947
0.140000000000000	46.6296720948003
0.140000000000000	122.217931358347
0.200000000000000	121.719726955387
0.220000000000000	136.870754011023
0.100000000000000	53.4518056655496
0.160000000000000	103.103182275997
0.160000000000000	130.842665048452
0.0800000000000000	15.5076756830110
0.280000000000000	201.955894748909
0.140000000000000	140.992045160977
0.260000000000000	253.265984176259
0.120000000000000	91.8800452892883
0.180000000000000	143.672604875825
0.140000000000000	129.054463769848
0.140000000000000	112.975434573533
0.160000000000000	114.875018847510
0.140000000000000	129.176199701220
0.140000000000000	94.3319432776773
0.140000000000000	88.4971305794974
0.0600000000000000	114.740528052899
0.100000000000000	102.003676267140
0.0800000000000000	94.3472412508072
0.180000000000000	112.772990984419
0.160000000000000	96.3216538128281
0.200000000000000	119.041149263151
0.100000000000000	124.542650316311
0.140000000000000	142.773061137469
0.160000000000000	116.943550775177
0.240000000000000	160.017944855317
0.140000000000000	226.006858171446
0.0600000000000000	62.4592751628013
0.200000000000000	138.572478358247
0.180000000000000	128.728565375978
0.200000000000000	127.451327859072
0.180000000000000	125.344315263164
0.200000000000000	171.331930852741
0.240000000000000	134.798136482917
0.140000000000000	106.394251851228
0.140000000000000	250.872166508203
0.160000000000000	150.660971103035
0.180000000000000	144.145599135799
0.120000000000000	94.7809703017214
0.120000000000000	150.340418816754
0.120000000000000	96.8207000523869
0.240000000000000	154.235081829061
0.160000000000000	106.632029336207
0.200000000000000	230.905984953554
0.240000000000000	74.3806361187498
0.160000000000000	134.542253531611
0.160000000000000	142.064043466089
0.180000000000000	139.649295238416
0.180000000000000	141.275807827233
0.180000000000000	144.061947297710
0.180000000000000	132.447215753622
0.160000000000000	191.909921647889
0.180000000000000	130.467646571445
0.160000000000000	118.921286492409
0.200000000000000	174.250789444162
0.180000000000000	126.276191421259
0.160000000000000	124.637818606082
0.140000000000000	87.2159969495848
0.220000000000000	109.045900527093
0.160000000000000	90.1967124759277
0.120000000000000	75.7987066616986
0.120000000000000	103.283663981463
0.180000000000000	110.333336692752
0.220000000000000	114.656876214810
0.200000000000000	100.715495256348
0.220000000000000	139.880845083522
0.140000000000000	85.7795344614124
0.140000000000000	103.010936070980
0.160000000000000	122.474541554693
0.160000000000000	112.664203899218
0.120000000000000	110.286927111347
0.140000000000000	120.511358965456
0.140000000000000	110.578236454485
0.120000000000000	101.121894220434
0.180000000000000	110.342962383711
0.220000000000000	124.334706332364
0.140000000000000	117.892959441802
0.160000000000000	133.490571898555
0.140000000000000	88.1739250872641
0.240000000000000	141.020383242164
0.120000000000000	56.0094892630136
0.100000000000000	86.9493247916370
0.180000000000000	135.518573614514
0.220000000000000	161.077647897505
0.120000000000000	135.573846441651
0.160000000000000	110.082954136280
0.160000000000000	125.620137145740
0.100000000000000	140.903499851958
0.180000000000000	186.214148206493
0.140000000000000	112.077420221131
0.240000000000000	184.354900161294
0.180000000000000	91.2846848443679
0.180000000000000	25.1706088978922
0.220000000000000	126.933642891078
0.200000000000000	128.456564710535
0.240000000000000	154.802883004036
0.240000000000000	189.558692344104
0.160000000000000	146.028034371608
0.120000000000000	123.987969874845
0.160000000000000	132.568682806189
0.0800000000000000	139.467667617360
0.180000000000000	184.819929896556
0.100000000000000	105.015715396143
0.100000000000000	115.175403019403
0.180000000000000	192.503752706856
0.160000000000000	186.800817293022
0.140000000000000	208.176193451653
0.140000000000000	256.154837379309
0.180000000000000	250.181448286079
0.120000000000000	355.969241911255
0.200000000000000	175.176402762195
0.140000000000000	273.899913252306
0.120000000000000	148.273455970725
0.0800000000000000	251.764834753017
0.0400000000000000	31.8570263670689
0.0800000000000000	219.133742404726
0.140000000000000	333.260632659040
0.0600000000000000	236.825114532225
0.140000000000000	127.741513382212
0.140000000000000	155.471255872150
0.160000000000000	157.055484175687
0.160000000000000	86.4684986099632
0.120000000000000	70.7832060104619
0.120000000000000	69.2711703891117
0.160000000000000	134.335111688578
0.120000000000000	114.521962254150
0.200000000000000	115.624333051982
0.180000000000000	106.870397379076
0.0800000000000000	749.919856061732
0.0400000000000000	70.2102482153312
0.0800000000000000	36.3707878771096
0.140000000000000	110.673977702051
0.140000000000000	100.257071724464
0.160000000000000	129.814474684996
0.160000000000000	119.380340277868
0.200000000000000	176.334368066249
0.0600000000000000	86.7668377338879
0.240000000000000	176.304270181910
0.160000000000000	141.910759655797
0.140000000000000	235.431795766026
0.0600000000000000	33.0433072453575
0.120000000000000	91.7262634170751
0.160000000000000	131.794347946164
0.200000000000000	142.378998366072
0.200000000000000	114.308517875370
0.100000000000000	94.1353790582617
0.260000000000000	231.340608229988
0.160000000000000	111.539412851503
0.240000000000000	137.397571103552
0.180000000000000	222.108252798148
0.140000000000000	120.810442934515
0.120000000000000	101.879344425597
0.220000000000000	113.851297554856
0.320000000000000	87.2259488151262
0.180000000000000	151.887673742411
0.160000000000000	94.7506035385794
0.220000000000000	189.245399021727
0.220000000000000	100.029567784111
0.200000000000000	166.368838239665
0.100000000000000	82.8195023001137
0.120000000000000	152.827628605417
0.180000000000000	184.772586393944
0.0800000000000000	101.098764325605
0.0400000000000000	58.9197710876012
0.160000000000000	199.959978669477
0.160000000000000	132.852296914779
0.140000000000000	208.062690512437
0.140000000000000	109.767426278502
0.180000000000000	157.497062748394
0.140000000000000	103.363305114986
0.140000000000000	201.368881887703
0.120000000000000	226.326923443602
0.160000000000000	137.311627434282
0.160000000000000	169.176847097822
0.180000000000000	145.125625844276
0.120000000000000	146.853970633383
0.100000000000000	139.532984806005
0.200000000000000	168.962234707859
0.260000000000000	162.316250458925
0.0800000000000000	20.8162816943937
0.160000000000000	211.462983443515
0.180000000000000	170.464054080363
0.0600000000000000	219.938444027893
0.120000000000000	200.892238297934
0.120000000000000	219.450587654073
0.0800000000000000	86.2688404184540
0.100000000000000	190.598421254834
0.160000000000000	203.857541670948
0.100000000000000	13.5370446424379
0.100000000000000	195.245413052337
0.220000000000000	132.557853903861
0.100000000000000	244.427806107375
0.120000000000000	86.1414917484393
0.180000000000000	133.942062641118
0.120000000000000	104.709182975748
0.0600000000000000	60.3175589246022
0.180000000000000	119.341952105594
0.120000000000000	125.216946745307
0.120000000000000	101.542445242060
0.180000000000000	218.005588506113
0.140000000000000	244.460768780689
0.0400000000000000	39.0533762739121
0.120000000000000	134.370635071876
0.120000000000000	159.103349927043
0.140000000000000	149.397599164772
0.160000000000000	140.973246415719
0.220000000000000	176.742009937390
0.220000000000000	232.571590452733
0.0800000000000000	32.3348731682080
0.160000000000000	182.133846868563
0.160000000000000	166.282396508473
0.0600000000000000	21.0945871433315
0.220000000000000	175.421646298605
0.160000000000000	188.649007252775
0.140000000000000	133.046318024304
0.160000000000000	120.931909987082
0.140000000000000	106.346696354232
0.0800000000000000	157.681154087970
0.0800000000000000	201.985957433059
0.220000000000000	168.085494689750
0.0800000000000000	96.6466354742263
0.140000000000000	149.608447633380
0.160000000000000	123.350364840330
0.120000000000000	214.771241752600
0.180000000000000	181.520477948782
0.160000000000000	165.010699082087
0.180000000000000	189.791427800486
0.100000000000000	134.873692016001
0.160000000000000	166.013106344762
0.120000000000000	189.052312244768
0.160000000000000	120.883666940732
0.100000000000000	73.9814564228821
0.160000000000000	132.992402695782
0.220000000000000	167.869185521995
0.0800000000000000	123.032677343023
0.140000000000000	107.129356702381
0.140000000000000	123.989155486121
0.180000000000000	166.727280636299
0.0800000000000000	131.697786957590
0.100000000000000	89.9979759237487
0.140000000000000	150.469603199462
0.0800000000000000	198.044884839346
0.180000000000000	126.661487938391
0.180000000000000	147.728573107556
0.140000000000000	136.076559611098
0.160000000000000	103.209179468096
0.120000000000000	112.625798126850
0.120000000000000	123.644578668129
0.0400000000000000	66.4500782453831
0.120000000000000	106.908194993460
0.120000000000000	146.607300432063
0.140000000000000	112.644075480515
0.140000000000000	119.390023264606
0.120000000000000	191.104342987935
0.120000000000000	148.257717231453
0.140000000000000	129.022647012125
0.180000000000000	142.695138877332
0.120000000000000	134.239731815782
0.140000000000000	148.398933727859
0.140000000000000	216.765134879655
0.140000000000000	102.093630640976
0.180000000000000	129.892969902928
0.220000000000000	156.115529312681
0.180000000000000	158.042844743942
0.120000000000000	241.750105451925
0.120000000000000	220.075685019921
0.200000000000000	152.374114910477
0.0800000000000000	74.2759567295794
0.140000000000000	100.118376242356
0.140000000000000	165.617461387130
0.180000000000000	217.194280268208
0.140000000000000	146.275283260300
0.120000000000000	33.5438141159340
0.120000000000000	111.997206129812
0.140000000000000	161.577267094859
0.140000000000000	154.721254118324
0.140000000000000	123.499333867064
0.120000000000000	114.881779749492
0.140000000000000	151.586716612722
0.160000000000000	118.857229810914
0.200000000000000	213.922691258011
0.120000000000000	156.215453152152
0.140000000000000	98.2591281971567
0.160000000000000	133.548440635863
0.160000000000000	89.5028830929762
0.160000000000000	95.4175264121116
0.120000000000000	144.418327046281
0.100000000000000	97.9832314187075
0.120000000000000	131.629604979970
0.120000000000000	162.923413834425
0.200000000000000	134.488091419878
0.200000000000000	155.577826022044
0.180000000000000	157.537610560196
0.120000000000000	210.428794623303
0.180000000000000	144.320047184323
0.140000000000000	119.586909163107
0.120000000000000	115.679605879118
0.280000000000000	23.0005885446137
0.160000000000000	51.3692362719019
0.260000000000000	46.3133244960147
0.120000000000000	23.1348898517923
0.120000000000000	74.3928401197861
0.240000000000000	153.493101484367
0.220000000000000	93.3299722856463
0.140000000000000	106.069173198365
0.120000000000000	71.4088759227448
0.200000000000000	139.383746900467
0.220000000000000	116.885452854750
0.120000000000000	27.4108738768538
0.120000000000000	42.9838667485094
0.240000000000000	37.5275896654787
0.180000000000000	97.3194774131423
0.0800000000000000	75.8444462938438
0.180000000000000	228.192778103540
0.100000000000000	109.770119180139
0.100000000000000	76.0957852784739
0.200000000000000	157.546204927122
0.100000000000000	54.5518846322008
0.0800000000000000	83.7434716406354
0.120000000000000	130.379984028790
0.0800000000000000	128.733303325584
0.140000000000000	306.959234256677
0.160000000000000	103.722549652533
0.0400000000000000	183.860168705292
0.0800000000000000	113.598927246194
0.160000000000000	219.694782677718
0.100000000000000	39.0068521009474
0.120000000000000	28.4066745247911
0.0800000000000000	25.1643063621457
0.180000000000000	126.069049578225
0.0600000000000000	59.1090939432062
0.220000000000000	100.200005128069
0.0600000000000000	59.9938377703533
0.220000000000000	150.815400828917
0.100000000000000	80.4988513424953
0.180000000000000	184.932172739982
0.180000000000000	120.138363440826
0.100000000000000	42.1954768224094
0.200000000000000	129.453815353055
0.100000000000000	55.7493664240242
0.160000000000000	154.659242484797
0.0400000000000000	130.893354213227
0.180000000000000	125.128825836416
0.320000000000000	47.5153899501992
0.160000000000000	39.5832652429429
0.200000000000000	279.779033188143
0.160000000000000	144.825127080824
0.100000000000000	134.677683565646
0.160000000000000	122.362316722720
0.180000000000000	122.454831806540
0.260000000000000	182.973230038429
0.180000000000000	153.469610214767
0.100000000000000	195.392244535135
0.0400000000000000	195.025626442125
0.0800000000000000	93.9690318102414
0.180000000000000	108.659268606939
0.100000000000000	28.0743590036153
0.140000000000000	49.2416743389916
0.140000000000000	59.2071667176388
0.100000000000000	51.7890821440800
0.100000000000000	4.33900938252570
0.120000000000000	87.3267893870692
0.120000000000000	41.5899177287357
0.120000000000000	49.9078501196413
0.100000000000000	18.0888505500752
0.120000000000000	91.9797223455472
0.200000000000000	64.8476038951805
0.100000000000000	43.9070053002284
0.140000000000000	96.6453749670770
0.0400000000000000	166.737020918816
0.0800000000000000	52.4376703681681
0.200000000000000	103.900739526819
0.220000000000000	105.920719833646
0.140000000000000	110.384329936519
0.160000000000000	158.510224017524
0.160000000000000	150.058219502558
0.0600000000000000	309.931510114698
0.0600000000000000	94.2822281411538
0.120000000000000	111.562904121103
0.0400000000000000	550.490436310546
0.160000000000000	105.759718693214
0.100000000000000	91.6661028485865
0.120000000000000	116.726130892018
0.180000000000000	114.779489182968
0.0600000000000000	112.959623186136
0.180000000000000	141.657816389341
0.100000000000000	70.0450644829949
0.120000000000000	86.5939763670969
0.180000000000000	212.442265306858
0.160000000000000	106.999295282886
0.120000000000000	77.5521294021375
0.200000000000000	145.259125010542
0.240000000000000	109.378216048269
0.160000000000000	41.1383696903931
0.160000000000000	44.4018226998993
0.220000000000000	63.5854413092248
0.160000000000000	64.9317026403498
0.120000000000000	68.3420047327480
0.280000000000000	16.3069518072184
0.120000000000000	42.9746994237874
0.360000000000000	144.201444920731
0.0800000000000000	63.0425461982445
0.180000000000000	66.7824823693373
0.620000000000000	213.443698541282
0.340000000000000	424.719593664592
0.0800000000000000	77.0622504873006
0.420000000000000	242.655378768232
0.100000000000000	62.1235218948546
0.120000000000000	80.3676440074104
0.140000000000000	81.8996758558106
0.240000000000000	154.310712258019
0.0600000000000000	97.3191733341508
0.100000000000000	100.543092255793
0.0400000000000000	130.986076384573
0.0600000000000000	30.1043484717637
0.120000000000000	49.7573738025460
0.160000000000000	162.938883694894
0.100000000000000	69.7641432760422
0.0600000000000000	46.6009493091704
0.120000000000000	96.4207755113857
0.0800000000000000	51.9575317358484
0.120000000000000	107.777944926469
0.120000000000000	259.736625739790
0.180000000000000	171.857831212798
0.100000000000000	110.286142570527
0.160000000000000	97.0430076768978
0.0400000000000000	25.0407369658298
0.100000000000000	36.7500973966420
0.140000000000000	25.4817249806482
0.0800000000000000	34.9532902919558
0.340000000000000	209.215842971012
0.100000000000000	108.019733116014
0.520000000000000	51.1720065987240
0.680000000000000	101.605470599525
0.600000000000000	419.542501726395
0.280000000000000	82.6854103282101
0.720000000000000	54.9028961775918
0.420000000000000	46.1758146251833
0.240000000000000	138.216900750589
0.100000000000000	101.126477882795
0.0800000000000000	55.7648362844927
0.220000000000000	169.243711272513
0.140000000000000	199.682781688192
0.220000000000000	166.988280512075
0.100000000000000	39.9093752198375
0.0600000000000000	48.9901833148660
0.0400000000000000	149.350920704563
0.0600000000000000	83.3917152501108
0.100000000000000	112.764854983729
0.0800000000000000	154.447953250046
0.100000000000000	45.6206185217015
0.0600000000000000	114.215698712559
0.0800000000000000	85.8990358573828
0.0600000000000000	79.5700867565882
0.280000000000000	172.403000554865
0.200000000000000	108.505618926379
0.120000000000000	77.8007930852242
0.0600000000000000	107.192382059845
0.100000000000000	36.9924470848265
0.0600000000000000	86.5544422792329
0.0800000000000000	53.7474518878371
0.300000000000000	172.268424639304
0.120000000000000	52.4823610761883
0.0800000000000000	80.6557844825816
0.0400000000000000	29.1162827540606
0.0800000000000000	42.3507483848899
0.100000000000000	97.0295607688061
0.100000000000000	90.7467744662052
0.100000000000000	57.2907550845790
0.0600000000000000	44.1849008786627
0.120000000000000	99.1494473150106
0.120000000000000	56.0966934394326
0.0400000000000000	55.7900464274785
0.120000000000000	90.2374722821133
0.0400000000000000	53.8643925738234
0.0600000000000000	57.5713722125403
0.0600000000000000	60.5066349969954
0.0800000000000000	119.569989308056
0.0600000000000000	39.8165560570263
0.0600000000000000	77.5973930679529
0.120000000000000	76.7906684924086
0.100000000000000	39.7163633387517
0.0400000000000000	255.547140741699
0.100000000000000	41.7674773494467
0.260000000000000	183.983623510049
0.0800000000000000	50.8063621226055
0.120000000000000	61.2844252038856
0.0600000000000000	64.9195559350931
0.0800000000000000	37.5453513571278
0.260000000000000	175.673529593141
0.0400000000000000	60.0872298909598
0.0400000000000000	74.9881432689270
0.140000000000000	165.287437697135
0.0800000000000000	66.1393830809266
0.140000000000000	133.319257517811
0.280000000000000	332.139354253969
0.120000000000000	25.9630095285581
0.0800000000000000	122.174655444721
0.100000000000000	284.528280351983
0.0600000000000000	70.1300341240128
0.0800000000000000	72.4350609339179
0.0800000000000000	50.9357760997917
0.0600000000000000	67.8869043560755
0.120000000000000	62.0318486476337
0.0800000000000000	32.3022145738855
0.100000000000000	120.188210769003
0.0600000000000000	47.7863989872961
0.260000000000000	144.564700162843
0.140000000000000	96.5081691752369
0.0400000000000000	69.3582599739716
0.0800000000000000	102.456617004285
0.100000000000000	102.251194034637
0.160000000000000	97.3335721749025
0.0800000000000000	108.397616381997
0.0600000000000000	111.575509192596
0.120000000000000	200.919110018526
0.200000000000000	188.419863830408
0.0600000000000000	86.4358400156409
0.0600000000000000	68.6901911848490
0.120000000000000	84.7726955758718
0.180000000000000	109.403558382908
0.140000000000000	85.7991693136915
0.0800000000000000	104.429006613929
0.0800000000000000	32.1154479327667
0.160000000000000	125.168549411712
0.180000000000000	177.846099608608
0.120000000000000	96.7125256206663
0.0600000000000000	68.0527932378598
0.100000000000000	122.616366209081
0.100000000000000	160.410420944981
0.100000000000000	111.187043807497
0.0800000000000000	61.5070193072940
0.140000000000000	82.5100477949635
0.0800000000000000	146.778913162220
0.0800000000000000	60.7306614948916
0.0800000000000000	81.8854092067118
0.0600000000000000	60.1029862303258
0.100000000000000	55.6777642997268
0.100000000000000	43.6130317033427
0.0800000000000000	33.9547394466019
0.120000000000000	75.4729404594811
0.100000000000000	64.3775378608993
0.180000000000000	140.855944354962
0.120000000000000	77.1086203730205
0.0800000000000000	91.9859851856080
0.0400000000000000	22.6753777000974
0.280000000000000	60.5700239769798
0.100000000000000	71.4953925498095
0.100000000000000	88.3422226395368
0.0800000000000000	123.137797498336
0.100000000000000	76.9333349833962
0.240000000000000	125.450828117279
0.0800000000000000	35.7743388123784
0.0800000000000000	23.3875642394451
0.120000000000000	88.0676238161734
0.180000000000000	140.903803930949
0.0800000000000000	172.347154769933
0.0400000000000000	78.9146230389585
0.0600000000000000	93.9943939927230
0.100000000000000	74.7593612213313
0.220000000000000	3.41076045863427
0.120000000000000	125.182644173472
0.140000000000000	97.4395517669078
0.0600000000000000	125.853044489461
0.100000000000000	61.9306555009667
0.100000000000000	83.5318210311142
0.160000000000000	92.5637955219035
0.200000000000000	120.687698186064
0.0400000000000000	166.041181276723
0.100000000000000	47.5534748662016
0.100000000000000	48.6902002134293
0.140000000000000	47.4466350147835
0.120000000000000	109.510569298945
0.140000000000000	232.271091689281
0.180000000000000	94.6331471905775
0.160000000000000	91.9378016827864
0.220000000000000	86.8086869826044
0.200000000000000	53.1858046909422
0.0600000000000000	128.236147846749
0.160000000000000	232.071129418780
0.120000000000000	116.450234113569
0.280000000000000	136.592869480385
0.180000000000000	150.551536164165
0.0600000000000000	77.4031603754035
0.220000000000000	138.100607918271
0.0800000000000000	75.4613667120194
0.100000000000000	61.2617933709779
0.180000000000000	124.797731126703
0.320000000000000	143.258986643520
0.0400000000000000	65.2839173971106
0.160000000000000	99.6047019789277
0.420000000000000	126.894681761009
0.0800000000000000	51.4533288761333
0.140000000000000	86.4816766392513
0.0800000000000000	76.3512098635433
0.140000000000000	65.0719627085979
0.240000000000000	25.8961453538664
0.0400000000000000	67.1877438065203
0.0800000000000000	117.498632287100
0.0600000000000000	42.3563259233456
0.0600000000000000	43.2961287468558
0.0600000000000000	21.1335482734004
0.380000000000000	182.878387923241
0.0400000000000000	20.0283126865931
0.0400000000000000	31.4559559104774
0.140000000000000	85.8572275384321
0.120000000000000	84.8957294623292
0.100000000000000	75.9501394069516
0.100000000000000	58.2163508025190
0.160000000000000	154.787717222559
0.0600000000000000	229.802542724645
0.0600000000000000	131.216978376011
0.0600000000000000	35.6717793670499
0.320000000000000	96.0048081521207
0.0600000000000000	137.682961381307
0.0600000000000000	42.0533832892170
0.100000000000000	93.4075904667926
0.160000000000000	205.225764885720
0.120000000000000	51.4126488726791
0.0800000000000000	36.5759067677664
0.0800000000000000	198.003631878096
0.0400000000000000	53.1031784473064
0.120000000000000	133.440724570378
0.0400000000000000	58.7588845387284
0.100000000000000	52.6760208109425
0.100000000000000	51.8950793361792
0.200000000000000	33.2441571890806
0.0800000000000000	109.035014328986
0.0600000000000000	80.2438710053972
0.0400000000000000	72.2932538796230
0.100000000000000	69.1938210867689
0.0800000000000000	58.2698077648047
0.0800000000000000	19.3900377028173
0.160000000000000	288.381994482033
0.220000000000000	155.502195593087
0.0800000000000000	97.1295243039625
0.0800000000000000	72.6796963123449
0.0800000000000000	110.496360785561
0.180000000000000	163.252652983601
0.0400000000000000	58.6462410362056
0.0600000000000000	163.212012675833
0.160000000000000	113.619974645119
0.0800000000000000	158.987766739672
0.100000000000000	180.219594875031
0.0800000000000000	223.581613768327
0.180000000000000	139.111860826583
0.200000000000000	14.2103846432757
0.340000000000000	133.152257920624
0.0800000000000000	78.1428488889173
0.100000000000000	291.277150220829
0.0600000000000000	123.835259022349
0.100000000000000	68.1922511651947
0.160000000000000	51.4693716943970
0.0600000000000000	295.451147758357
0.100000000000000	171.813426983675
0.140000000000000	121.554503527365
0.100000000000000	175.833871832108
0.0400000000000000	94.5987697228697
0.0600000000000000	52.4067306472310
0.100000000000000	96.2251280244424
0.220000000000000	173.239518935756
0.100000000000000	72.5130404898352
0.0800000000000000	100.858333634674
0.180000000000000	108.367822576650
0.100000000000000	34.1557330411337
0.100000000000000	68.4209010211375
0.200000000000000	723.948404205742
0.0400000000000000	202.651881112279
0.0600000000000000	273.126133749982
0.160000000000000	221.877064327812
0.0800000000000000	252.412850019310
0.0600000000000000	90.0776346573657
0.120000000000000	82.3564752580256
0.180000000000000	406.696481221461
0.0800000000000000	96.2275366949310
0.240000000000000	28.2671482538808
0.100000000000000	69.5665102846588
0.100000000000000	77.0435380970716
0.100000000000000	111.228600847738
0.200000000000000	216.119107365551
0.0800000000000000	40.3482608909078
0.140000000000000	393.472042352047
0.0800000000000000	86.4042700411292
0.0600000000000000	57.9810370360587
0.100000000000000	108.123438476933
0.220000000000000	354.010969158963
0.0800000000000000	45.1857435551972
0.140000000000000	71.2435951989434
0.120000000000000	137.624061319967
0.140000000000000	157.986712480113
0.0400000000000000	33.5917706833865
0.180000000000000	81.2918249309564
0.240000000000000	110.326461199211
0.0400000000000000	270.839593629016
0.240000000000000	39.1060883910641
0.0400000000000000	130.039799137978
0.120000000000000	100.473610075337
0.300000000000000	41.9433753925519
0.120000000000000	99.6121504302643
0.0600000000000000	155.209835078075
0.200000000000000	264.643207114172
0.100000000000000	80.1450675040959
0.100000000000000	24.7646110042625
0.140000000000000	40.4283779907608
0.140000000000000	149.670058196450
0.0400000000000000	62.3194734607893
0.320000000000000	17.5645941675305
0.220000000000000	117.739541192109
0.0400000000000000	27.0143870826232
0.0400000000000000	94.6791358536837
0.0600000000000000	114.217609321126
0.100000000000000	12.9219171535854
0.120000000000000	46.4212697446173
0.100000000000000	75.9066122146156
0.0800000000000000	141.439043503066
0.0800000000000000	74.8088074790510
0.180000000000000	68.0599376102051
0.0400000000000000	298.964524958099
0.0400000000000000	180.559627726347
0.0400000000000000	52.2130709124768
0.0600000000000000	76.8007525496029
0.0800000000000000	96.4165356237017
0.300000000000000	218.998793243879
0.0600000000000000	49.0456632295284
0.0600000000000000	27.9843473340001
0.160000000000000	91.5190069824825
0.0800000000000000	71.6162866445822
0.120000000000000	62.4581292472112
0.280000000000000	153.292450356999
0.120000000000000	95.4255478212435
0.220000000000000	125.779132933889
0.100000000000000	135.432153978915
0.0400000000000000	42.0321838507972
0.0800000000000000	66.9157408933289
0.0600000000000000	62.1682126028749
0.200000000000000	98.3186409119771
0.0600000000000000	145.594322920787
0.100000000000000	209.760421755190
0.0600000000000000	91.1535745007481
0.100000000000000	92.4819947488527
0.160000000000000	54.5656356192840
0.0400000000000000	60.7650389625994
0.260000000000000	108.721910494041
0.200000000000000	94.9299393284554
0.120000000000000	48.9861726103000
0.100000000000000	154.463766885192
0.0400000000000000	95.5361286757037
0.160000000000000	135.936586021748
0.140000000000000	284.181067928133
0.100000000000000	63.5112256746615
0.160000000000000	160.305148750173
0.0400000000000000	55.2408663808457
0.100000000000000	63.4757022913633
0.0800000000000000	30.4991163926089
0.360000000000000	184.719874276792
0.140000000000000	71.5091435368926
0.100000000000000	29.3314284061323
0.260000000000000	166.293855664376
0.120000000000000	46.5889171954726
0.120000000000000	121.620852040041
0.0400000000000000	42.3009010567136
0.200000000000000	48.8138643534614
0.260000000000000	19.6152101163037
0.0800000000000000	104.570602085200
0.140000000000000	103.897344957562
0.360000000000000	177.146518140753
0.0400000000000000	60.6865437446665
0.180000000000000	177.636855421826
0.140000000000000	83.4118436688138
0.0400000000000000	90.7984927072628
0.120000000000000	67.5133358736503
0.240000000000000	146.125437196780
0.160000000000000	119.861051867983
0.0800000000000000	23.1337439362021
0.100000000000000	234.828202328950
0.0800000000000000	17.5084443036077
0.260000000000000	195.781816140138
0.140000000000000	59.9537307246943
0.100000000000000	134.815250320897
0.100000000000000	115.226041029337
0.120000000000000	86.8288890631006
0.120000000000000	70.0927918673292
0.0400000000000000	170.044285351807
0.180000000000000	5.38622419252924
0.100000000000000	76.6281005180872
0.400000000000000	31.8215029837708
0.300000000000000	42.8934914563746
0.380000000000000	19.8203290069605
0.400000000000000	112.859086693185
0.360000000000000	58.0076795735324
0.440000000000000	156.351931698952
0.240000000000000	112.510422027005
0.200000000000000	116.265741703537
0.260000000000000	177.381734915748
0.380000000000000	26.6895773085635
0.220000000000000	128.135135387467
0.180000000000000	107.994522973028
0.200000000000000	128.271631534361
0.200000000000000	122.431111353822
0.140000000000000	66.8292418663580
0.160000000000000	66.2677256270359
0.120000000000000	101.881636256778
0.160000000000000	129.405382819272
0.200000000000000	236.190695965771
0.0400000000000000	28.0033122370189
0.440000000000000	26.4936433427226
0.140000000000000	188.901624344648
0.120000000000000	32.6809969722466
0.0400000000000000	67.2216950377108
0.360000000000000	191.764963325721
0.340000000000000	95.8929270948256
0.160000000000000	71.7600990511599
0.240000000000000	167.199128980683
0.220000000000000	75.8928436274386
0.200000000000000	120.304693088753
0.460000000000000	199.645442440044
0.220000000000000	115.951875423364
0.220000000000000	102.616873299583
0.320000000000000	138.839705873896
0.200000000000000	75.1732086367544
0.100000000000000	134.983012363312
0.160000000000000	52.6932095447965
0.340000000000000	111.462636506955
0.260000000000000	80.6134429015215
0.100000000000000	22.4078064097714
0.120000000000000	70.2867556810748
0.180000000000000	51.4183211548508
0.180000000000000	71.7543694732086
0.280000000000000	152.862847909723
0.160000000000000	68.5119616148777
0.320000000000000	209.848084297845
0.160000000000000	158.081422403648
0.320000000000000	148.709476852820
0.120000000000000	130.626029706113
0.140000000000000	156.580771042327
0.280000000000000	136.209503419663
0.0600000000000000	23.6052882015948
0.200000000000000	108.156670029050
0.260000000000000	126.366145795095
0.260000000000000	34.3392514229142
0.280000000000000	74.8648603515087
0.220000000000000	62.4117196658055
0.240000000000000	51.4504640871577
0.320000000000000	102.380109538541
0.320000000000000	176.637387844000
0.200000000000000	90.3094762995874
0.160000000000000	280.182911137931
0.100000000000000	110.204421188848
0.180000000000000	106.778133573966
0.180000000000000	121.366211995791
0.220000000000000	137.421635330947
0.180000000000000	113.233609356019
0.180000000000000	122.511554628258
0.0400000000000000	35.6969895100357
0.300000000000000	89.1614002470782
0.300000000000000	23.0758751988939
0.0800000000000000	58.6247154232026
0.120000000000000	75.6135443024062
0.160000000000000	105.513042762317
0.260000000000000	101.808870616796
0.240000000000000	95.1195883586437
0.180000000000000	75.5954785317657
0.0600000000000000	42.5451331169350
0.200000000000000	123.765530058681
0.320000000000000	243.612791243895
0.240000000000000	80.4906007502454
0.200000000000000	63.0253001686110
0.120000000000000	105.815564478146
0.120000000000000	69.8510036777840
0.100000000000000	75.4281748555875
0.260000000000000	70.7557040362957
0.140000000000000	68.7117916937254
0.220000000000000	128.288330550898
0.0800000000000000	41.4375109552309
0.140000000000000	102.964257610771
0.100000000000000	52.2133749914682
0.0600000000000000	71.4374841168157
0.180000000000000	58.2938719922002
0.180000000000000	110.851290539551
0.120000000000000	78.1745334549881
0.200000000000000	104.747571148022
0.200000000000000	80.5782235972147
0.220000000000000	146.189608469835
0.220000000000000	120.925034493541
0.100000000000000	46.9529745784988
0.140000000000000	51.3226944988435
0.180000000000000	85.5322855727196
0.0800000000000000	89.1837456010883
0.200000000000000	79.4887267496797
0.100000000000000	61.2342913968116
0.240000000000000	87.5261786997748
0.320000000000000	32.5010309287960
0.180000000000000	118.399740611596
0.100000000000000	19.4553548914622
0.220000000000000	65.2667110631628
0.100000000000000	55.2938649768952
0.140000000000000	114.358365203546
0.180000000000000	80.9434665915167
0.380000000000000	168.382286827628
0.160000000000000	102.467199123401
0.220000000000000	170.749616245456
0.0800000000000000	82.0179519448195
0.240000000000000	231.020897780305
0.120000000000000	62.4844853057871
0.0600000000000000	51.0860629294545
0.120000000000000	40.9275212217850
0.220000000000000	111.469512000497
0.0600000000000000	22.1707575655097
0.240000000000000	100.016085675832
0.160000000000000	46.9074817295653
0.260000000000000	134.892903702231
0.180000000000000	173.923057585347
0.200000000000000	109.079132079211
0.120000000000000	41.5801201504389
0.160000000000000	84.4042065699803
0.240000000000000	133.892788270737
0.0400000000000000	17.1159109181636
0.140000000000000	19.5693734926933
0.180000000000000	66.5188133329561
0.220000000000000	65.8007650240042
0.220000000000000	128.056697465314
0.280000000000000	126.262709312979
0.260000000000000	77.3527400894319
0.180000000000000	81.2878891222638
0.200000000000000	135.401959103111
0.200000000000000	131.496678771500
0.180000000000000	126.587880461810
0.160000000000000	28.5762700321498
0.380000000000000	89.4670732307805
0.460000000000000	42.9775642127631
0.400000000000000	144.497395222009
0.320000000000000	187.015143204086
0.340000000000000	78.4536960928696
0.200000000000000	67.5729234843439
0.300000000000000	127.423063439678
0.280000000000000	121.346731430757
0.280000000000000	162.890486361299
0.260000000000000	177.603738461267
0.140000000000000	74.7111754707608
0.100000000000000	64.8347581814138
0.0800000000000000	43.5247389071130
0.240000000000000	71.2117784412198
0.100000000000000	35.5540942472900
0.200000000000000	112.262027222722
0.120000000000000	75.2602012301490
0.220000000000000	135.407115723267
0.200000000000000	104.355095058357
0.0400000000000000	76.9997980876315
0.120000000000000	33.9826997870043
0.320000000000000	138.691040926154
0.0600000000000000	34.7481714012989
0.120000000000000	58.4365384831878
0.280000000000000	91.8617503355297
0.300000000000000	83.0404921216957
0.300000000000000	98.6742185196353
0.300000000000000	166.607263578313
0.260000000000000	132.194541365969
0.160000000000000	43.2760752240262
0.260000000000000	81.8267383284905
0.200000000000000	69.8278164871751
0.200000000000000	84.9226584787004
0.180000000000000	71.9345250040916
0.240000000000000	147.348873976723
0.120000000000000	98.1327107892391
0.200000000000000	103.660097252864
0.220000000000000	103.882462173154
0.260000000000000	63.3030128119109
0.280000000000000	64.7419390186025
0.260000000000000	162.133877992735
0.220000000000000	93.5817696365126
0.300000000000000	270.331532104231
0.100000000000000	36.4068842182028
0.160000000000000	40.2061673577153
0.220000000000000	115.559914995715
0.200000000000000	24.8319908409699
0.260000000000000	197.723724395081
0.180000000000000	109.910912510496
0.220000000000000	109.023286294280
0.260000000000000	112.768980279854
0.280000000000000	148.074943694806
0.140000000000000	112.961494099017
0.220000000000000	117.804437462455
0.220000000000000	119.612388184896
0.240000000000000	147.382982565627
0.140000000000000	122.332218838382
0.260000000000000	133.961618102026
0.120000000000000	55.0515038295549
0.120000000000000	55.4021540001750
0.100000000000000	68.3590215792634
0.240000000000000	92.9389109903757
0.120000000000000	43.4863507348393
0.260000000000000	155.703876736973
0.340000000000000	165.334993194131
0.160000000000000	66.5754039630212
0.240000000000000	131.455998768045
0.180000000000000	53.8442817552143
0.100000000000000	68.7841562632505
0.280000000000000	181.564022741211
0.100000000000000	66.1611554771416
0.180000000000000	106.625726800461
0.0600000000000000	37.4823259996633
0.200000000000000	86.6965358124254
0.180000000000000	75.9730577187568
0.300000000000000	125.015397793074
0.220000000000000	84.1488965764701
0.240000000000000	119.712082841249
0.220000000000000	104.828186309797
0.160000000000000	100.338105556789
0.220000000000000	112.865237189436
0.120000000000000	36.4366780235496
0.0400000000000000	29.7514064699631
0.120000000000000	45.4246669557668
0.100000000000000	133.930907564207
0.180000000000000	131.765395977416
0.320000000000000	90.0629669378103
0.260000000000000	157.090703479993
0.120000000000000	62.5013875607434
0.180000000000000	109.314216662553
0.120000000000000	77.7148494159547
0.160000000000000	50.4260155494637
0.320000000000000	150.458373226677
0.160000000000000	45.6309317620139
0.160000000000000	64.0767350184556
0.200000000000000	68.4752350202098
0.160000000000000	65.6815898026171
0.260000000000000	161.199383828877
0.120000000000000	56.5944791718422
0.300000000000000	167.670369167084
0.100000000000000	54.5610519569229
0.120000000000000	72.5072536161044
0.160000000000000	99.4156259065345
0.260000000000000	141.931959094217
0.140000000000000	74.4556935899120
0.160000000000000	51.9850337100147
0.200000000000000	83.6675944284663
0.280000000000000	92.0393672520203
0.340000000000000	97.0093640065277
0.240000000000000	105.473812753444
0.220000000000000	134.962804553237
0.200000000000000	127.811414233218
0.220000000000000	112.117177762535
0.280000000000000	135.270178810231
0.160000000000000	43.1752346520832
0.180000000000000	60.4951758410928
0.180000000000000	69.7560703007089
0.340000000000000	106.548950455913
0.260000000000000	91.4667135358809
0.360000000000000	145.607214471178
0.160000000000000	49.5660058989724
0.300000000000000	95.5659224810505
0.140000000000000	105.515907551292
0.160000000000000	116.917767674396
0.280000000000000	153.842164973255
0.160000000000000	81.3525584572402
0.160000000000000	188.815107717583
0.120000000000000	203.061972172315
0.0800000000000000	82.5775422232299
0.100000000000000	65.9319723590893
0.140000000000000	82.4870148915992
0.280000000000000	155.589858135742
0.180000000000000	148.775671078251
0.0800000000000000	127.181733616369
0.100000000000000	139.326966782969
0.140000000000000	142.806023810783
0.160000000000000	163.777120949170
0.140000000000000	197.999317094539
0.120000000000000	54.0410530621560
0.140000000000000	98.0515279878870
0.0800000000000000	103.362635165726
0.320000000000000	153.711702483303
0.280000000000000	43.3127445229146
0.260000000000000	124.779035102488